54937.781831000000 -36.130456 2.024633
54937.844194999896 -36.030457 1.806369
54938.717284999788 -35.148866 1.966072
54938.779610999860 -38.332067 1.712379
54940.650506999809 -37.405686 2.760951
54940.712869000155 -37.478486 1.756201
54940.775243000127 -36.514488 2.834273
54940.837636999786 -33.822488 2.545643
54941.773045000155 -36.815297 1.908262
54941.835407999810 -36.801698 2.616031
54942.646122000180 -37.056906 1.754849
54942.770851999987 -36.684108 1.803017
54942.833221000154 -36.152109 1.802974
54942.895591000095 -35.533709 3.133597
54943.706304000225 -35.875317 1.708844
54943.768652999774 -37.071318 1.802338
54943.831007999834 -37.748918 2.081013
